

v1 <- c(2,1,0)
v2 <- c(1,3,1)
v1*v2
